200 6
200 6
200 6
200 6
200 6
200 6
200 6
200 6
200 6
200 6
200 6
200 6
200 6
200 6
200 6
200 6
200 6
200 6
200 6
200 6
200 6
200 6
200 6
200 6
200 6
200 6
200 6
200 6
200 6
200 6
200 6
200 6
200 6
200 6
200 6
200 6
200 6
200 6
200 6
200 6
200 6
200 6
200 6
200 6
200 6
200 6
200 6
200 6
200 6
200 6
200 6
200 6
200 6
200 6
200 6
200 6
200 6
200 6
200 6
200 6
200 6
200 6
200 6
200 6
200 6
200 6
200 6
200 6
200 6
200 6
200 6
200 6
200 6
200 6
200 6
200 6
200 6
200 6
200 6
200 6
200 6
200 6
200 6
200 6
200 6
200 6
200 6
200 6
200 6
200 6
200 6
200 6
200 6
200 6
200 6
200 6
200 6
200 6
200 6
200 6
200 6
200 6
200 6
200 6
200 6
200 6
200 6
200 6
200 6
200 6
200 6
200 6
200 6
200 6
200 6
200 6
200 6
200 6
200 6
200 6
200 6
200 6
200 6
200 6
200 6
200 6
200 6
200 6
200 6
200 6
200 6
200 6
200 6
200 6
200 6
200 6
200 6
200 6
200 6
200 6
200 6
200 6
200 6
200 6
200 6
200 6
200 6
200 6
200 6
200 6
200 6
200 6
200 6
200 6
200 6
200 6
200 6
200 6
200 6
200 6
200 6
200 6
200 6
200 6
200 6
200 6
200 6
200 6
200 6
200 6
200 6
200 6
200 6
200 6
200 6
200 6
200 6
200 6
200 6
200 6
200 6
200 6
200 6
200 6
200 6
200 6
200 6
200 6
200 6
200 6
200 6
200 6
200 6
200 6
200 6
200 6
200 6
200 6
199 6
198 6
198 6
197 6
196 6
195 6
194 6
193 6
192 6
191 5
190 5
189 5
188 5
187 5
186 5
185 5
184 5
183 5
182 5
181 5
180 5
179 5
178 5
177 5
176 5
175 5
174 5
173 5
172 5
171 5
170 5
169 5
168 5
167 5
166 5
165 5
164 5
163 5
162 5
161 5
160 5
159 4
158 4
157 4
156 4
155 4
154 4
153 4
152 4
151 4
150 4
149 4
148 4
147 4
146 4
145 4
144 4
143 4
142 4
141 4
140 4
139 4
138 4
137 4
136 4
135 4
134 4
133 4
132 4
131 4
130 4
129 4
128 4
127 3
126 3
125 3
124 3
123 3
122 3
121 3
120 3
120 3
120 3
120 3
120 3
120 3
120 3
120 3
120 3
120 3
120 3
120 3
120 3
120 3
120 3
120 3
120 3
120 3
120 3
120 3
120 3
120 3
120 3
120 3
120 3
120 3
120 3
120 3
120 3
120 3
120 3
120 3
120 3
120 3
120 3
120 3
120 3
120 3
120 3
120 3
120 3
120 3
120 3
120 3
120 3
120 3
120 3
120 3
120 3
120 3
120 3
120 3
120 3
120 3
120 3
120 3
120 3
120 3
120 3
120 3
120 3
120 3
120 3
120 3
120 3
120 3
120 3
120 3
120 3
120 3
120 3
120 3
120 3
120 3
120 3
120 3
120 3
120 3
120 3
120 3
120 3
120 3
120 3
120 3
120 3
120 3
120 3
120 3
120 3
120 3
120 3
120 3
120 3
120 3
120 3
120 3
120 3
120 3
120 3
120 3
120 3
120 3
120 3
120 3
120 3
120 3
120 3
120 3
120 3
120 3
120 3
120 3
120 3
120 3
120 3
120 3
120 3
120 3
120 3
120 3
120 3
120 3
200 6
200 6
200 6
200 6
200 6
200 6
200 6
200 6
200 6
200 6
200 6
200 6
200 6
200 6
200 6
200 6
200 6
200 6
200 6
200 6
200 6
200 6
200 6
200 6
200 6
200 6
200 6
200 6
200 6
200 6
200 6
200 6
200 6
200 6
200 6
200 6
200 6
200 6
200 6
200 6
200 6
200 6
200 6
200 6
200 6
200 6
200 6
200 6
200 6
200 6
200 6
200 6
200 6
200 6
200 6
200 6
200 6
200 6
200 6
200 6
200 6
200 6
200 6
200 6
200 6
200 6
200 6
200 6
200 6
200 6
200 6
200 6
200 6
200 6
200 6
200 6
200 6
200 6
200 6
200 6
200 6
200 6
200 6
200 6
200 6
200 6
200 6
200 6
200 6
200 6
200 6
200 6
200 6
200 6
200 6
200 6
200 6
200 6
200 6
200 6
200 6
200 6
200 6
200 6
200 6
200 6
200 6
200 6
200 6
200 6
200 6
200 6
200 6
200 6
200 6
200 6
200 6
200 6
200 6
200 6
200 6
200 6
200 6
200 6
200 6
200 6
200 6
200 6
200 6
200 6
200 6
200 6
200 6
200 6
200 6
200 6
200 6
200 6
200 6
200 6
200 6
200 6
200 6
200 6
200 6
200 6
200 6
200 6
200 6
200 6
200 6
200 6
200 6
200 6
200 6
200 6
200 6
200 6
200 6
200 6
200 6
200 6
200 6
200 6
200 6
200 6
200 6
200 6
200 6
200 6
200 6
200 6
200 6
200 6
200 6
200 6
200 6
200 6
200 6
200 6
200 6
200 6
200 6
200 6
200 6
200 6
200 6
200 6
200 6
200 6
200 6
200 6
200 6
200 6
200 6
200 6
200 6
200 6
200 6
200 6
200 6
200 6
200 6
120 3
120 3
120 3
120 3
120 3
120 3
120 3
120 3
120 3
120 3
120 3
120 3
120 3
120 3
120 3
120 3
120 3
120 3
120 3
120 3
120 3
120 3
120 3
120 3
120 3
120 3
120 3
120 3
120 3
120 3
120 3
120 3
120 3
120 3
120 3
120 3
120 3
120 3
120 3
120 3
120 3
120 3
121 3
121 3
122 3
122 3
123 3
123 3
124 3
124 3
125 3
125 3
126 3
126 3
127 3
127 3
128 4
128 4
129 4
129 4
130 4
130 4
131 4
131 4
132 4
132 4
133 4
133 4
134 4
134 4
135 4
135 4
136 4
136 4
137 4
137 4
138 4
138 4
139 4
139 